0.9190553772086223
0.9183178604437187
0.9455075226020019
0.8113385423995618
0.8168137221238085
0.9160742458465881
0.9987293137898298
0.9753938099180124
0.9729350800155361
0.9195562500871486
0.840233639986731
0.8737673259521573
0.8138276750045966
0.9122385107488626
0.9620503997384519
0.8201999810082575
0.9738065074735706
0.8375167169246712
0.8085942463394433
0.9404547598107816
0.9624765418582599
0.8132632749133248
0.8705214614657734
0.8991681126930893
0.9933902254916243
0.8970543336930484
0.845859282107911
0.8984852412770798
0.989257083136952
0.9005495965834096
0.8849984816723385
0.8863463883051841
0.867782563454834
0.9119721857427054
0.9693965666401386
0.9407251203310159
0.9413497739900856
0.8875117600335963
0.8898862061911197
0.8530946586407636
0.9779829482368902
0.8337455937984181
0.8942388637890637
0.8125213770553629
0.9217784785987047
0.9987615866669376
0.8369627469936302
0.8430614126142354
0.9526322758326871
0.8891332464504748
0.9623622085298753
0.9621940519781579
0.8422753846352222
0.8715756656424513
0.8046124354224058
0.9364738856159691
0.8463634751201995
0.8265961676407786
0.8729677794022179
0.916974267748695
0.8547667757097169
0.8491344774558152
0.925830723667684
0.986116203998984
0.9787062979312533
0.9610827414024982
0.9137745416884558
0.8687235151505047
0.9394389211632939
0.9603284335966324
0.8108418048992693
0.8879572673454587
0.8593368022563789
0.8103462133427843
0.9043665795108415
0.8768188595285983
0.8775241376074618
0.8423321615710637
0.8180043689250722
0.9169051439527245
0.9907241055511421
0.876256117250115
0.9207810963517766
0.9319520801459913
0.8335964949752085
0.8788142502592767
0.9719278319741176
0.9543627101554285
0.8883350380358149
0.9374828895884175
0.9109889165565631
0.8552913923959806
0.9163864886381702
0.8776811190902987
0.9248510931973185
0.9973301678914819
0.8915484554712511
0.8142166010649103
0.94883048883253
0.8258634018783518
0.8364350069970974
0.8656162941296525
0.9774042008975651
0.8693314408276247
0.8609040448571358
0.9548624873727112
0.95984890268709
0.8997359630864852
0.868168681031034
0.8236951740932785
0.8207823290693179
0.901620477917506
0.9428701066507734
0.9221954924832729
0.8949092619137338
0.9562894672791339
0.880201560147462
0.9534568554602842
0.8801930209903746
0.9561754547765401
0.8992354296877968
0.8770391834636855
