fth    tphopcount    tpalg1    tpalg2    avefhopcount    avefalg1    avefalg2    consuhopcount    consualg1    consualg2
10    22.263805752498712    30.480781665120805    26.201811561734424    0.8489116468585576    0.729634225731709    0.8545361085682427    207.0    292.0    264.0
20    44.52761150499743    62.357902860583906    52.40362312346885    0.8489116468585576    0.729634225731709    0.8545361085682427    412.0    615.0    528.0
30    67.31595047036215    92.83868452570469    79.13383691276734    0.8489116468585576    0.729634225731709    0.8545361085682427    641.0    907.0    815.0
40    89.57975622286088    124.71580572116781    105.33564847450177    0.8489116468585576    0.729634225731709    0.8545361085682427    846.0    1230.0    1079.0
50    111.84356197535959    155.19658738628863    131.53746003623618    0.8489116468585576    0.729634225731709    0.8545361085682427    1053.0    1522.0    1343.0
60    134.6319009407243    187.07370858175167    158.26767382553467    0.8489116468585576    0.729634225731709    0.8545361085682427    1280.0    1845.0    1630.0
70    156.89570669322305    217.55449024687252    184.46948538726906    0.8489116468585576    0.729634225731709    0.8545361085682427    1487.0    2137.0    1894.0
80    179.15951244572176    249.43161144233562    210.67129694900353    0.8489116468585576    0.729634225731709    0.8545361085682427    1692.0    2460.0    2158.0
90    201.94785141108648    279.9123931074564    237.40151073830202    0.8489116468585576    0.729634225731709    0.8545361085682427    1921.0    2752.0    2445.0
